train_net: "train.prototxt"
test_net: "val.prototxt"
test_iter: 156
test_interval: 1000
base_lr: 0.10000000149
display: 100
max_iter: 500000
lr_policy: "poly"
gamma: 0.899999976158
power: 1.0
momentum: 0.899999976158
weight_decay: 0.000500000023749
stepsize: 1000
snapshot: 10000
snapshot_prefix: "trainedmodels/"
solver_mode: GPU
