train_net: "train.prototxt"
test_net: "val.prototxt"
test_iter: 156
test_interval: 10000
base_lr: 0.009999999776482582
display: 100
max_iter: 500000
lr_policy: "poly"
gamma: 0.8999999761581421
power: 1.0
momentum: 0.8999999761581421
weight_decay: 0.0005000000237487257
stepsize: 50000
snapshot: 10000
snapshot_prefix: "trainedmodels/"
solver_mode: GPU
